35   26
6   12
53   4
33   49
22   73
44   59
41   14
50   15
75   39
85   9
96   17
69   90
99   44
31   47
3   68
20   65
18   29
25   27
35   85
15   66
85   88
75   74
79   47
84   21
53   23
35   66
68   6
80   48
49   80
16   82
100   86
81   55
11   26
79   74
72   20
10   72
9   32
71   45
59   50
79   37
54   9
6   86
45   41
13   1
32   90
7   56
80   13
33   6
28   52
32   23
82   18
17   23
60   74
90   94
60   31
97   8
40   8
77   43
43   3
97   53
63   87
69   59
12   4
66   88
36   18
69   59
72   83
90   36
87   83
56   35
95   35
79   26
6   17
70   18
5   47
93   29
18   21
21   55
81   97
40   79
18   29
1   33
72   80
66   16
64   63
29   38
31   21
58   19
98   93
26   47
44   60
100   9
14   90
36   5
19   66
50   53
43   94
2   30
90   87
13   89
64   45
16   31
10   52
68   50
22   95
7   24
54   93
82   94
83   43
15   82
15   66
55   49
55   46
23   5
10   79
19   12
46   54
66   41
65   12
85   3
11   74
2   47
65   20
82   59
91   49
7   25
95   17
70   44
29   92
1   40
86   38
81   68
12   52
81   66
90   50
51   66
27   25
72   21
34   40
14   13
2   33
93   64
78   27
20   64
47   53
23   29
79   92
96   56
30   58
42   98
20   21
81   67
90   21
20   87
8   27
71   38
34   92
22   71
58   8
100   5
9   5
35   23
17   29
94   64
54   56
68   23
26   14
13   92
94   66
59   54
4   54
94   64
4   79
38   83
26   15
9   4
5   78
84   60
36   3
37   26
8   97
95   85
16   42
49   31
69   76
62   12
17   10
2   46
28   24
93   69
96   11
93   16
21   99
31   84
87   8
88   99
45   35
89   7
33   98
15   70
94   37
51   15
29   76
84   51
33   56
93   91
74   39
80   75
60   53
34   21
60   62
12   19
59   31
4   54
80   39
22   14
65   36
44   95
16   4
14   44
20   73
75   83
39   94
73   99
12   65
84   13
78   57
98   35
85   27
89   67
30   22
7   86
53   73
82   86
71   11
16   73
68   65
75   5
61   42
29   69
2   61
80   98
98   11
87   16
32   92
32   73
66   89
63   70
18   28
39   84
83   22
5   87
13   26
90   98
31   40
36   13
24   49
27   56
75   99
80   97
44   79
100   69
32   63
61   85
96   8
86   25
7   82
24   51
63   91
1   43
25   34
40   59
41   20
9   67
34   65
30   6
56   45
21   10
1   13
81   98
6   25
37   83
91   51
61   18
81   61
97   2
98   42
26   43
51   90
62   90
100   88
10   59
84   69
34   90
9   89
19   32
3   13
73   39
88   85
67   37
22   33
14   45
85   52
15   26
94   53
10   29
98   77
51   53
72   48
6   73
82   36
31   84
70   30
20   62
95   99
4   23
6   46
47   66
7   24
82   86
37   64
15   55
31   14
15   79
65   59
86   83
89   4
46   73
49   37
58   29
4   49
48   79
90   7
85   74
57   25
16   44
86   15
97   23
91   100
2   62
93   8
8   5
34   49
10   72
36   68
52   12
9   65
47   26
62   45
86   8
68   79
70   31
83   8
56   46
7   62
78   20
75   64
48   64
19   34
13   32
4   8
5   44
20   40
91   27
58   70
67   17
21   85
76   31
29   17
5   34
38   60
91   24
50   76
63   8
38   45
44   24
99   21
64   86
26   86
55   74
69   99
47   52
75   80
37   91
97   81
37   51
24   88
73   86
31   2
10   64
4   64
76   44
28   45
21   77
81   84
57   38
94   57
50   25
16   17
78   60
42   49
5   49
99   84
84   45
12   68
27   37
77   66
31   63
35   99
85   84
34   28
61   34
4   11
25   11
59   17
36   87
95   57
76   75
26   83
66   64
28   69
71   47
28   13
58   69
27   10
40   20
46   14
3   31
25   64
71   87
48   35
42   79
95   47
67   97
61   41
94   74
21   19
52   82
17   19
17   75
50   64
54   92
65   54
1   74
94   57
68   63
58   53
14   95
23   70
53   52
75   69
39   69
46   2
75   4
65   38
82   67
27   65
92   51
47   53
75   82
82   78
39   4
39   7
44   28
37   75
63   87
20   23
21   13
99   1
50   9
79   58
65   64
44   82
61   44
37   42
25   65
72   99
6   10
47   14
72   34
30   88
61   56
52   33
7   60
58   1
1   20
92   71
2   44
18   95
5   27
17   69
1   75
94   31
81   2
62   52
16   50
27   61
75   65
63   13
50   73
37   79
42   25
54   71
42   52
99   33
62   37
19   59
64   16
28   31
75   24
66   68
53   37
95   88
96   82
100   46
94   33
89   92
90   48
42   70
99   11
57   38
66   14
95   25
4   31
63   64
43   58
69   73
34   83
48   74
10   91
47   14
19   4
38   44
91   73
89   29
10   77
9   7
17   2
59   62
13   25
63   25
88   91
5   49
29   85
15   99
50   88
4   54
15   40
64   13
54   39
98   9
78   68
21   90
51   82
15   88
32   81
88   67
63   41
75   56
87   49
38   68
56   12
39   45
41   15
63   14
43   98
9   51
64   13
100   29
67   92
35   34
86   79
30   38
75   92
15   26
77   89
99   18
24   39
19   46
7   96
55   3
41   25
74   20
99   25
61   62
72   54
1   5
45   67
97   77
14   80
86   61
76   82
84   93
88   18
28   48
21   51
12   27
39   23
96   20
9   91
79   45
67   76
100   17
43   39
94   6
22   3
69   89
31   68
14   99
26   12
50   59
78   72
26   95
46   33
12   88
50   90
59   92
82   56
34   4
39   69
79   16
74   53
1   15
91   68
76   66
48   35
1   61
23   2
82   98
32   17
99   96
41   96
49   22
78   21
19   11
6   68
49   34
37   56
68   60
64   48
57   33
80   99
15   83
96   87
76   15
52   12
11   20
17   14
17   96
97   34
53   97
14   38
5   48
84   47
45   10
52   53
31   64
17   91
97   6
70   33
42   23
75   12
42   56
92   89
19   47
2   10
18   68
100   64
24   90
54   35
53   89
22   78
40   86
9   74
87   82
4   96
36   80
84   25
22   41
87   13
38   87
44   50
85   58
87   28
76   90
73   54
54   98
68   42
21   68
3   24
53   42
48   32
9   63
17   34
27   50
61   1
46   38
67   37
5   93
29   91
43   62
52   77
38   6
100   60
91   4
96   11
17   86
62   84
13   16
97   99
78   76
45   61
10   41
29   58
4   85
9   2
77   32
14   84
81   40
81   4
97   58
20   46
33   17
65   9
53   83
88   93
87   81
49   74
2   1
14   89
17   52
43   99
37   51
34   41
76   16
20   30
83   78
64   81
82   89
37   28
63   8
85   57
85   10
37   75
15   38
66   52
23   77
90   6
86   71
100   1
52   81
22   25
2   95
76   45
41   86
92   7
18   51
23   30
85   48
3   62
26   7
100   64
30   99
4   38
3   36
84   90
60   12
48   44
37   59
49   12
15   47
75   94
99   33
30   6
93   14
18   53
64   63
97   66
100   75
1   73
78   42
40   81
14   24
29   77
93   18
58   82
6   1
80   30
40   52
85   70
92   73
78   82
65   88
89   17
91   2
2   10
84   6
100   9
55   30
75   5
46   14
90   32
36   52
33   70
11   9
51   7
9   60
70   53
87   47
86   33
33   38
7   36
96   8
62   92
99   93
88   60
6   24
72   87
85   23
45   66
59   32
85   71
10   17
34   68
45   57
53   86
7   22
7   98
44   36
42   84
85   77
59   10
57   66
87   57
55   76
52   48
16   71
34   36
51   1
31   61
7   42
34   18
82   27
18   41
36   17
25   36
37   8
58   96
51   24
76   6
27   32
30   7
5   42
47   76
61   13
65   92
33   27
50   86
48   100
75   42
50   65
23   8
8   46
65   85
63   81
12   7
74   6
53   71
44   60
27   55
97   6
98   4
55   94
69   13
19   50
78   91
19   99
8   55
33   61
76   5
71   50
34   8
50   83
21   27
42   63
74   95
20   41
85   58
14   34
16   96
61   14
95   79
47   56
46   61
73   38
10   45
80   35
6   2
80   5
61   20
89   49
93   16
45   1
7   84
53   100
7   72
70   13
93   69
48   24
54   58
44   77
43   51
46   45
63   42
28   39
79   57
43   32
17   96
20   86
37   23
61   75
9   34
86   9
45   20
11   66
57   29
60   34
11   56
41   83
100   9
68   83
35   71
82   71
95   75
81   62
60   99
94   43
58   20
49   66
83   92
2   16
44   92
38   10
34   63
17   20
19   64
2   72
12   33
29   98
64   71
20   44
37   41
24   78
27   53
97   63
39   77
14   91
84   37
69   1
56   72
67   38
30   94
4   15
98   52
71   73
67   90
38   73
6   15
89   99
47   69
7   46
100   29
50   12
47   25
45   83
2   80
89   41
41   32
77   47
70   25
21   70
33   36
25   64
59   73
35   74
96   81
83   51
99   95
31   58
57   47
3   46
58   9
79   34
98   83
24   11
54   56
78   75
28   53
26   79
1   23
24   82
37   66
35   64
97   88
63   48
55   25
80   91
34   94
65   17
23   82
28   50
84   2
92   83
97   9
56   74
58   13
32   96
46   5
81   43
57   78
79   20
20   18
32   53
70   100
27   59
8   60
40   42
3   51
45   57
66   61
64   77
61   72
100   32
27   49
16   2
43   12
63   12
99   57
66   99
37   6
65   66
55   25
56   5
37   6
52   13
70   93
48   80
61   83
88   35
80   68
1   83
22   86
59   65
87   89
74   71
84   97
20   79
57   66
28   90
3   98
93   21
92   88
49   88
64   41
89   47
72   75
46   29
91   100
41   95
49   61
17   56
56   15
59   83
40   64
96   66
16   38
4   29
54   4
95   72
22   38
58   71
78   28
76   37
70   33
52   29
100   74
24   22
51   94
90   77
5   34
22   59
28   64
46   54
92   39
86   13
12   50
7   84
22   11
56   64
16   2
49   17
32   77
78   89
36   77
25   78
47   21
90   94
57   11
19   94
60   38
82   24
9   51
45   21
99   9
100   68
58   77
87   36
59   86
88   60
6   73
1   67
90   13
92   20
79   63
61   38
5   26
6   15
59   77
1   78
74   35
81   83
86   64
17   32
83   42
19   36
98   32
17   49
68   46
50   89
11   88
31   81
36   47
14   9
18   10
83   40
63   6
82   59
9   10
65   67
99   93
99   82
75   65
75   54
48   7
83   30
26   91
75   73
42   24
93   48
77   25
64   60
34   66
8   22
22   45
6   42
17   98
59   95
73   45
55   62
73   87
3   27
3   54
40   78
16   53
68   31
82   85
73   78
61   47
48   3
91   79
60   91
81   38
100   79
93   17
16   92
32   11
40   15
76   63
71   73
93   48
98   43
27   40
44   64
36   53
65   50
92   31
55   97
64   2
19   30
68   23
24   35
23   86
21   45
37   94
50   97
57   55
59   12
61   94
78   82
14   28
69   71
79   54
67   18
77   51
61   79
25   62
10   86
23   78
75   15
37   29
47   93
36   34
9   50
25   34
2   74
75   18
63   11
43   72
57   14
3   78
28   95
46   20
56   20
84   70
13   6
35   57
30   65
27   86
80   24
85   30
41   4
43   56
4   26
93   34
97   71
3   31
24   47
35   83
19   71
55   16
22   92
86   40
9   91
37   83
52   19
74   46
61   52
3   85
33   82
31   47
59   17
37   12
40   7
54   78
98   62
2   89
49   83
85   94
27   71
29   59
82   75
26   2
67   96
38   95
88   16
27   86
69   4
38   32
99   85
4   87
58   28
73   31
18   98
58   55
19   22
41   32
99   78
44   1
35   78
27   14
87   92
98   93
83   2
75   70
71   21
18   90
25   40
5   88
73   5
44   37
45   94
60   47
81   72
3   92
84   67
46   73
80   56
72   18
69   33
7   94
40   42
87   80
42   13
40   64
61   84
37   13
3   34
30   19
41   21
45   68
3   12
60   70
28   62
85   100
24   53
16   24
88   56
52   64
59   96
87   70
27   52
36   10
60   49
56   71
4   52
46   3
95   80
51   43
76   38
77   63
77   79
34   54
81   82
8   23
87   80
64   60
73   82
43   16
48   67
25   40
72   95
93   25
16   37
95   60
43   74
35   63
55   86
22   56
52   91
55   92
28   90
41   2
70   31
38   72
85   88
5   95
51   89
52   18
74   57
53   56
84   10
30   94
84   21
33   78
62   72
19   95
77   73
39   68
93   50
95   16
65   22
69   73
51   35
12   83
45   62
41   72
78   17
39   9
60   65
65   69
31   100
17   40
55   68
91   47
32   13
4   95
35   67
52   22
13   66
66   67
37   85
36   90
100   46
88   23
84   48
84   9
37   36
12   37
99   8
36   9
55   8
96   24
32   22
99   67
16   66
76   87
17   71
88   43
72   57
4   91
58   39
84   67
13   82
2   82
23   37
14   37
97   55
91   65
15   80
88   21
47   76
87   28
62   76
64   91
70   25
3   95
92   38
31   28
92   91
57   1
67   36
33   100
13   31
73   20
47   71
28   77
35   9
93   8
82   97
2   87
45   40
80   100
72   97
33   4
48   80
33   76
60   63
79   59
90   94
22   27
1   47
60   4
22   63
54   99
77   33
53   27
5   62
3   16
76   34
72   25
88   63
66   68
70   77
17   23
31   44
55   30
64   87
70   51
26   13
71   30
77   31
54   30
24   88
2   79
88   37
92   100
27   33
37   1
91   54
91   10
98   41
36   19
93   77
2   71
23   93
100   13
49   51
68   82
66   12
59   33
7   41
57   82
68   5
53   32
23   99
73   9
15   8
32   18
75   59
41   28
69   44
29   3
52   78
53   87
88   3
92   81
15   71
23   12
80   54
10   48
91   44
95   94
47   37
76   45
3   16
3   48
86   53
8   96
99   1
1   23
29   10
17   74
81   74
51   63
27   10
58   49
24   78
70   3
93   59
63   23
10   21
96   53
99   46
62   36
73   64
59   83
58   51
93   89
81   8
14   24
66   7
60   50
68   44
15   22
34   38
47   21
82   2
57   69
33   10
75   70
18   54
5   42
48   39
97   79
18   36
8   32
58   15
78   58
46   21
71   97
19   67
6   44
45   23
44   52
73   79
98   26
47   32
97   36
87   27
80   73
44   11
17   73
49   78
22   46
39   72
13   57
86   58
5   52
64   66
5   35
66   49
2   34
84   83
56   38
50   90
76   87
52   7
21   79
49   60
100   90
36   19
70   74
51   16
7   15
69   8
62   16
50   81
67   79
57   42
70   68
59   39
9   45
14   97
41   38
11   52
3   70
54   37
16   66
49   94
79   18
7   69
73   42
92   53
72   48
96   12
81   46
85   64
22   50
43   31
8   75
58   42
33   61
92   55
59   17
58   69
1   80
6   8
56   94
15   41
70   84
51   100
8   28
56   24
73   53
58   52
62   1
46   65
72   37
53   10
33   95
83   15
95   44
67   59
78   13
67   80
27   93
63   81
6   62
58   27
98   84
37   2
61   44
44   24
41   68
15   41
58   73
17   81
24   74
88   22
49   15
66   100
41   31
23   50
32   11
47   90
23   52
23   32
21   45
68   47
71   31
36   22
49   50
87   77
86   82
89   88
27   47
63   85
67   2
6   35
68   41
59   38
22   20
92   31
78   36
54   82
92   35
86   71
56   7
81   98
62   9
94   61
40   65
91   78
9   16
52   29
81   12
73   92
35   85
4   48
58   90
72   70
47   97
23   55
50   28
43   73
72   43
89   22
26   41
44   73
99   100
36   81
19   58
11   18
97   76
3   55
25   7
80   14
86   15
30   20
72   38
44   66
10   97
53   12
37   18
64   54
56   87
64   6
81   82
1   89
4   45
77   100
21   16
13   17
69   77
80   72
70   3
82   85
66   79
79   2
82   31
51   67
3   55
6   54
72   2
100   89
18   95
74   3
44   55
11   64
42   29
89   13
92   98
7   83
38   97
50   37
34   8
15   74
77   24
85   32
17   82
41   72
30   34
76   52
1   66
18   88
83   89
93   30
74   77
90   54
79   71
37   66
56   79
34   52
64   15
90   91
31   12
77   40
34   71
20   78
33   64
62   88
68   89
12   50
6   43
47   79
51   53
69   75
98   47
75   83
30   84
50   40
76   73
57   20
4   17
87   62
16   64
85   91
94   45
75   76
36   15
61   37
78   39
73   49
31   12
66   61
29   87
3   46
14   26
48   55
31   12
38   8
84   34
13   32
76   45
58   19
82   1
58   95
76   56
98   9
96   61
67   54
31   8
6   95
70   48
15   68
63   27
94   74
76   55
65   39
45   84
43   74
37   44
92   73
14   15
53   79
77   60
35   44
44   43
86   46
3   53
69   50
82   66
40   47
12   8
27   64
67   71
26   3
67   43
92   7
44   8
2   22
36   41
76   16
35   91
42   66
49   79
59   18
38   89
63   70
89   69
11   69
86   74
27   68
79   46
6   27
68   82
27   62
80   70
14   25
82   87
10   44
59   25
75   50
43   92
5   61
45   25
60   53
91   50
56   37
37   79
56   22
43   46
56   74
7   77
54   21
46   1
73   3
50   16
26   80
48   54
12   28
13   76
47   73
95   77
22   40
2   98
57   35
6   14
82   77
75   96
79   42
55   4
75   70
90   75
50   73
95   58
91   78
66   70
1   97
79   54
2   23
26   65
36   80
7   35
45   35
54   24
99   3
1   66
74   48
14   70
86   31
46   76
78   74
21   41
68   27
92   70
38   8
57   5
22   84
96   8
45   78
63   36
26   87
28   17
83   33
19   61
26   84
98   67
46   15
11   20
9   10
78   49
8   51
14   35
22   32
53   89
81   84
25   12
13   57
33   75
72   98
83   51
11   32
44   6
83   14
58   79
77   36
4   73
94   82
40   31
44   50
47   14
54   12
49   99
30   22
35   86
42   97
85   50
39   49
47   92
100   92
96   50
62   76
56   54
94   59
58   41
78   36
91   69
25   92
30   58
6   44
6   4
74   12
39   99
53   20
84   29
57   94
100   40
63   41
28   54
25   74
24   49
87   69
29   41
39   1
68   81
88   4
89   83
63   58
66   36
67   44
20   3
18   53
45   29
85   21
57   47
45   97
72   24
92   94
44   42
82   94
80   82
24   58
14   82
55   62
22   35
64   34
24   97
9   29
88   1
93   2
74   55
86   73
29   60
74   52
2   6
87   2
41   29
63   99
42   16
51   17
27   41
23   31
70   13
82   21
48   44
17   68
58   25
61   77
66   61
82   85
56   54
8   94
77   1
79   45
80   75
19   23
85   17
41   50
25   92
91   14
78   31
49   93
21   20
7   62
1   31
32   99
98   44
76   64
97   13
18   16
21   27
38   25
63   32
89   94
4   65
95   22
40   71
32   49
52   65
33   18
41   92
38   6
54   59
84   39
20   91
52   53
72   88
19   25
3   8
71   62
100   40
79   8
4   64
24   38
79   23
32   95
17   62
60   58
58   72
91   89
41   55
29   71
47   74
85   67
92   65
79   3
65   68
74   83
3   78
92   90
25   9
33   64
95   7
65   86
16   50
25   100
27   60
2   75
17   42
2   54
66   1
85   55
43   41
15   96
1   77
69   82
21   34
56   38
56   83
41   23
38   9
71   40
63   46
77   55
31   32
51   34
15   30
64   19
100   53
32   30
5   35
66   62
72   76
78   5
64   6
60   14
38   40
47   11
94   49
13   65
48   43
38   67
35   49
73   66
83   76
97   51
65   60
33   20
18   99
1   83
68   20
28   84
55   24
71   61
80   97
94   37
68   37
29   69
80   85
80   7
98   82
4   60
36   39
47   93
77   95
97   86
37   40
84   34
50   49
67   47
58   6
56   64
17   86
9   90
92   72
57   94
49   37
81   72
73   39
48   44
8   56
19   58
75   58
88   1
10   85
85   67
17   72
67   62
24   22
54   84
97   23
69   35
18   22
37   56
6   73
4   47
66   73
17   79
74   50
33   70
8   50
71   14
5   3
28   45
35   95
87   57
82   61
12   15
35   25
32   98
67   81
65   79
43   48
57   32
71   51
74   6
41   24
20   66
80   94
65   44
78   74
22   92
43   22
39   42
59   19
81   38
77   92
44   31
51   92
39   49
54   92
67   25
42   68
3   51
45   41
82   31
61   37
68   21
18   69
38   57
85   39
33   49
64   24
77   37
5   85
77   12
75   61
44   58
60   33
53   43
51   39
8   42
63   74
42   81
9   43
49   74
16   68
59   23
75   27
25   54
69   58
11   71
18   52
91   56
10   21
34   59
78   2
30   24
71   30
26   28
27   34
21   87
32   91
17   56
72   97
24   36
62   89
46   74
13   43
11   78
21   89
83   9
70   46
64   1
89   20
100   2
35   43
97   24
68   4
28   81
13   18
15   3
87   92
24   47
45   36
99   55
32   94
38   61
19   52
30   1
22   20
45   37
68   97
72   6
68   69
33   89
39   33
4   5
87   47
53   33
74   62
41   14
77   45
83   35
69   13
3   93
14   21
34   88
99   19
87   28
36   91
56   40
67   51
10   5
27   48
24   12
5   98
58   56
41   19
9   65
73   92
95   98
68   31
77   96
48   77
10   58
32   95
93   80
14   23
71   77
79   10
85   64
72   32
63   56
48   88
16   91
69   33
49   52
84   11
67   49
89   31
83   97
86   1
49   3
41   99
87   1
75   68
26   93
78   13
92   56
71   72
8   92
59   55
38   73
48   81
76   17
21   67
36   78
39   60
82   11
18   4
67   95
50   82
63   14
32   10
23   32
60   50
8   18
88   54
47   46
92   99
97   56
34   27
28   99
72   68
27   52
67   30
64   23
80   93
69   73
11   90
54   37
27   52
93   41
79   67
60   62
85   21
32   65
80   63
58   61
27   78
25   46
100   14
38   60
37   29
15   80
89   92
99   86
33   94
25   15
79   6
8   64
57   58
72   68
77   94
57   93
89   32
25   58
60   20
12   62
59   6
93   54
6   94
52   17
60   98
42   79
70   38
84   81
40   61
28   76
31   96
77   28
15   14
29   21
78   89
48   23
25   7
20   65
82   1
68   33
24   42
10   43
29   86
68   55
88   29
100   33
81   31
3   5
15   55
72   64
69   42
56   36
39   2
97   24
73   64
67   11
59   80
20   51
21   43
14   2
55   58
49   8
14   68
91   81
37   86
3   46
38   74
91   7
33   17
74   54
35   7
68   59
13   65
75   26
25   7
6   91
35   44
94   93
31   23
2   76
71   3
9   81
87   100
64   24
23   84
39   67
74   24
12   20
71   99
19   90
82   84
50   19
82   58
30   43
38   94
59   87
61   84
66   91
65   36
36   50
67   51
87   100
7   61
36   41
7   49
31   54
10   62
14   62
25   47
52   85
13   63
87   51
48   45
72   54
20   92
26   10
67   43
53   41
98   50
72   5
80   14
76   3
11   50
80   92
6   13
76   42
54   50
72   98
68   51
31   68
10   21
37   86
75   90
44   40
47   20
57   40
60   42
70   26
39   48
23   34
28   47
23   1
93   48
36   50
12   25
98   43
83   14
85   10
62   47
47   84
39   79
82   16
96   40
100   63
81   41
26   79
85   15
83   74
88   52
23   86
26   53
42   64
7   32
63   66
14   66
24   33
60   2
12   26
53   4
56   66
80   15
61   51
9   15
54   23
23   14
10   50
44   12
91   50
4   91
70   84
45   80
54   3
50   80
54   42
23   46
12   52
87   30
72   2
7   49
60   49
66   26
56   63
42   97
39   82
92   34
61   52
65   24
88   65
9   19
84   75
15   42
84   94
80   52
20   15
98   96
43   52
48   70
92   27
71   45
15   8
81   97
93   55
55   5
18   3
51   42
57   34
100   65
1   4
66   80
50   96
51   54
29   36
14   4
74   13
31   16
81   15
29   86
64   4
32   11
20   85
8   99
44   80
9   99
68   30
32   90
95   68
82   98
81   11
62   31
38   5
94   87
27   74
14   99
19   68
41   32
34   20
44   75
83   55
85   75
44   84
55   38
97   31
85   33
28   50
2   80
58   22
72   67
77   79
14   59
39   82
19   41
35   79
33   48
23   35
43   57
34   35
63   55
88   5
64   34
80   52
76   52
13   34
57   19
26   34
89   34
71   50
40   21
100   27
70   2
84   36
45   90
89   87
89   14
20   23
9   45
48   31
18   61
22   81
88   24
47   97
98   40
69   61
81   49
72   68
91   68
46   24
27   87
27   46
4   9
4   6
57   28
89   70
58   45
50   88
68   33
92   99
31   39
79   67
72   71
18   13
48   52
34   66
3   66
24   12
51   66
61   53
80   2
55   40
93   5
66   83
62   95
14   48
23   78
54   77
56   100
93   60
35   39
58   92
8   9
26   74
15   46
95   42
86   13
66   10
88   40
85   54
27   29
12   38
43   47
19   75
32   23
1   3
41   51
33   86
9   18
50   16
10   73
20   80
49   29
50   7
80   64
73   78
55   88
20   14
61   98
88   79
68   81
81   44
72   23
35   34
54   37
44   17
67   82
84   32
41   12
63   74
50   48
24   73
67   60
87   43
83   68
27   66
92   54
96   19
90   1
38   50
76   69
11   81
61   46
84   81
35   75
51   26
50   88
83   28
75   21
64   70
95   8
93   100
48   38
56   20
38   49
56   95
28   58
24   42
90   9
2   57
25   8
94   22
74   5
3   39
9   4
57   22
94   15
22   7
33   81
61   30
93   63
85   72
27   71
6   63
58   28
20   30
98   85
10   55
89   74
97   51
50   42
11   77
81   73
92   56
42   61
18   95
95   58
96   78
62   94
73   34
11   91
3   79
4   100
100   20
19   15
23   17
52   79
73   51
7   21
35   97
77   46
98   64
75   50
65   72
99   49
57   10
53   41
48   1
27   72
99   13
25   67
42   97
1   38
92   82
8   84
27   33
16   36
72   24
98   42
9   65
52   29
70   33
2   49
57   80
7   79
11   58
25   68
46   41
54   56
8   56
54   72
75   44
58   56
49   45
28   91
82   46
3   54
63   39
20   11
86   78
42   52
74   40
80   4
19   65
7   99
47   49
67   99
38   88
73   88
9   52
66   90
93   22
10   94
7   100
51   1
35   58
73   57
50   94
63   80
3   82
57   4
7   24
43   90
44   40
91   41
43   30
17   14
22   83
70   29
58   49
22   97
56   17
71   5
52   88
30   91
19   44
86   30
38   53
68   34
88   9
43   38
29   57
95   27
81   75
17   40
28   31
76   9
44   8
94   40
8   52
78   80
33   27
41   65
76   7
67   76
82   23
43   32
10   74
98   60
16   10
83   42
43   15
45   24
100   69
71   97
53   35
78   43
43   76
88   90
71   29
67   94
79   63
20   33
12   26
88   16
37   92
51   12
20   10
45   95
77   81
79   12
7   64
74   36
83   90
35   24
30   34
97   22
2   49
44   77
66   13
99   31
12   67
62   84
48   25
34   30
63   81
6   56
65   74
55   24
62   65
46   18
87   30
35   55
93   7
77   54
94   10
21   69
3   95
55   61
64   4
30   27
26   2
79   87
100   85
90   30
32   56
71   15
50   23
33   46
49   72
21   7
4   26
99   15
96   40
20   65
58   51
66   29
57   54
62   17
15   58
43   56
30   1
100   94
68   97
66   11
37   54
36   71
42   21
45   72
27   7
73   90
37   94
13   7
29   56
63   43
32   27
8   50
62   51
45   93
19   25
48   35
92   80
66   88
86   13
16   5
12   98
46   78
5   59
87   8
7   44
73   49
89   33
8   13
84   13
57   29
10   67
4   22
42   83
5   96
94   23
87   85
4   7
81   37
65   43
34   43
91   11
64   62
77   37
48   12
87   25
60   30
20   58
85   29
87   76
6   96
84   39
60   76
67   18
4   60
85   47
61   19
93   5
73   55
18   90
43   46
36   62
22   21
16   31
74   87
93   89
55   75
28   37
11   20
60   45
58   12
42   33
32   56
62   93
29   90
63   49
98   61
90   55
45   17
84   6
97   69
37   76
19   2
27   8
57   42
95   73
2   99
68   70
80   4
97   11
21   13
59   15
72   41
66   24
12   2
40   3
84   38
69   46
3   47
52   96
55   51
9   74
89   97
77   99
11   85
10   27
88   12
73   87
42   5
90   12
56   87
88   18
67   94
93   2
89   34
38   88
76   7
52   59
13   54
72   69
23   26
71   33
76   97
99   8
26   33
37   46
20   6
79   6
26   67
63   68
33   85
8   93
37   34
24   74
1   44
18   85
90   63
75   28
58   73
21   61
98   4
33   81
6   47
59   74
32   66
65   3
59   20
37   92
59   19
88   59
33   83
3   75
69   68
71   22
56   66
38   75
12   34
31   93
94   57
18   71
29   27
30   68
100   99
95   44
19   86
52   37
30   70
16   20
89   32
29   43
80   49
94   64
93   79
61   47
10   96
30   77
22   86
87   20
20   45
86   78
56   44
98   49
51   45
11   75
62   95
60   90
12   81
16   49
100   7
94   58
58   48
61   25
47   58
18   94
26   83
83   14
100   58
30   76
6   89
52   97
99   12
50   44
62   24
64   92
23   89
98   72
36   38
20   3
28   92
60   25
81   43
94   57
61   13
91   67
95   80
81   71
7   79
90   74
56   80
5   38
92   9
10   34
100   27
74   55
38   27
91   72
43   48
74   17
21   46
12   23
69   54
45   47
94   50
95   66
18   5
67   31
51   54
27   51
32   29
22   77
15   7
75   28
31   1
74   68
43   16
89   31
60   68
26   95
84   10
67   88
66   87
49   35
36   42
23   17
39   26
45   23
12   20
84   77
73   35
6   35
31   40
55   95
63   2
31   56
93   47
31   75
94   35
29   43
77   18
12   17
39   8
72   66
51   55
69   19
99   4
7   63
75   4
53   40
1   22
16   91
29   13
11   65
90   89
74   51
89   24
27   60
100   42
5   99
4   87
62   44
15   69
58   21
10   83
25   86
75   94
81   24
55   29
15   13
48   70
62   89
58   31
62   77
97   45
72   12
88   78
80   81
40   45
38   84
69   90
50   11
53   88
42   37
56   85
92   72
88   82
91   100
62   27
60   71
54   98
60   12
78   74
25   8
56   73
70   86
86   32
13   64
18   45
30   55
17   89
52   34
33   35
46   91
83   72
71   65
43   9
76   33
73   83
38   83
57   9
18   5
92   72
26   6
67   87
15   58
36   71
60   65
35   7
9   23
38   8
29   43
10   49
39   73
96   3
67   28
96   42
34   8
71   91
20   18
87   93
71   68
69   68
39   88
25   66
66   32
20   85
86   72
60   62
8   97
93   52
40   97
49   1
48   97
38   6
21   36
8   30
17   19
38   87
20   84
15   25
70   13
99   34
62   47
10   2
39   76
79   84
1   40
25   89
8   7
6   99
80   90
7   93
29   72
19   5
4   12
29   70
14   37
13   28
77   68
52   26
88   93
96   100
30   45
48   81
27   78
39   83
1   28
75   13
60   46
2   26
8   89
26   75
40   69
88   15
33   98
32   92
55   38
75   24
91   46
11   27
25   27
54   5
8   96
38   78
97   81
48   100
5   49
38   12
9   51
70   64
76   80
29   74
8   25
76   53
70   63
29   50
45   29
71   63
13   18
99   41
22   11
85   3
95   43
44   88
100   50
